bin 1
lowest third
.{7000;8000;10000;15000;19000;22000;26000;28000;32000;34000;37000;38000;39000;41000;42000;44000;45000;52000;56000;57000;62000;64000;65000;67000;70000;71000;73000;80000}

bin 2
middle third
.{2000;5000;9000;11000;16000;17000;18000;20000;21000;29000;31000;33000;48000;49000;50000;51000;54000;55000;58000;63000;69000;72000;74000;76000;77000;84000}

bin 3
top third
.{1000;3000;4000;6000;12000;13000;14000;23000;24000;25000;27000;30000;35000;36000;40000;43000;46000;47000;53000;59000;60000;61000;66000;68000;75000;78000;79000;81000;82000;83000;85000}