   5.6461908e-02   9.5447700e-02   2.3255983e-01   5.7878339e-01  -1.4670772e+00   3.9544683e-01   8.0183618e-01  -2.1928713e+00   1.4179323e+00  -2.3833980e-01   1.2449901e+00   1.6479563e+00  -2.4305033e-02  -9.6594962e-02   4.3559783e+00  -3.8621421e-01   3.2601019e-01  -1.0278602e+00   1.0210773e+00   2.1540047e+00   1.7632083e+00   1.2736734e+00   6.7299913e-01   6.0444004e-01  -1.4456690e+00  -3.1078293e+00  -2.2987355e+00   1.2903068e+00   4.6059738e-01   7.2639153e-01   2.6663916e-01   3.1286995e-01   4.9433987e-01
   2.4220729e-02   5.0196362e-02   4.0380019e-02   4.3329472e-01  -1.2158028e+00   5.9071133e-01   5.0285895e-01  -1.4380937e+00   9.4272073e-01  -2.0548697e-01   6.8588119e-01   8.5610846e-01   7.0252701e-02  -8.1869465e-02   1.9484141e+00  -8.4108152e-01   9.1048742e-01  -8.2297745e-01   9.9462284e-01   1.4277809e+00   1.1915287e+00   5.4600999e-01   8.4478272e-01   4.7303409e-01  -8.6614709e-01   3.0823223e-01  -1.6374048e+00   6.1294048e-01   3.4590056e-01   4.9583494e-01  -9.2077693e-03  -1.5641569e-01  -4.9515765e-01
   2.5639783e-03   1.8000587e-02   4.5394665e-02   2.2072695e-01  -1.8862588e-01   2.0874844e+00   2.0432225e-01  -7.6699883e-01   6.1528316e-01  -1.7257529e-01   2.1741301e-01   4.0770931e-01   1.8088603e-01  -5.4732251e-02   1.1367632e+00  -3.9352559e-01   7.2186882e-01  -1.8395661e-02   4.3154989e-01   9.4979192e-01   7.6898179e-01   1.6719930e-01   1.0107071e+00   4.1912131e-01  -5.7550528e-01  -5.6887517e-03  -9.8040302e-01   5.7799753e-01   9.0072150e-02   1.5240920e-02   5.9530811e-02  -5.4912480e-01   9.4688917e-02
   8.9074313e-03   3.0308509e-02   6.2412124e-03   3.4743656e-01  -1.0837198e+00   7.2537211e-01   4.4842937e-01  -7.9006924e-01   6.1889865e-01  -1.8009920e-01   4.4722497e-01   5.8124399e-01   5.7436806e-02   4.9557552e-03   9.9206584e-01  -5.7425389e-01   1.2735961e+00  -6.0659922e-01   7.9627838e-01   1.0859500e+00   5.7577748e-01   4.7967240e-01   9.8645187e-01   4.8060230e-01  -6.7172431e-01   2.7032068e-04  -1.2232078e+00   1.2300512e+00   7.7499605e-02   4.8086978e-01  -2.7231300e-01  -4.7748244e-01   2.8333169e+00
   1.6836542e-03   1.8914370e-02   3.1205379e-02   2.5793936e-01  -1.1913873e+00   3.8732431e-01   7.5716709e-01  -7.1639061e-01   3.6769548e-01  -2.1223953e-01   2.0984834e-01   4.9870291e-01   1.3044301e-01   1.3542651e-02   4.9901117e-01   1.9101765e-01   1.6662120e+00  -4.2291800e-01   8.3924419e-01   9.2604532e-01   1.5676062e-01   3.5461549e-01   1.0497145e+00   4.0414319e-01  -8.9572396e-01   4.8477046e-02  -1.0490134e+00   5.7471702e-01  -1.9588143e-02   5.8864904e-01  -4.9979263e-01  -3.2193038e-01   7.9356818e-01
   1.3379335e-03   1.4714826e-02   7.5277519e-03   2.1038542e-01  -5.9541297e-01   9.9618921e-01   3.7852843e-01  -5.5151799e-01   4.0219677e-01  -2.4352627e-01   6.3327777e-02   3.7065614e-01   2.3101146e-01   2.0343938e-02   5.3947340e-01  -1.4633557e-01   7.1135647e-01  -2.6736895e-01   5.3536461e-01   1.0773790e+00   6.4403199e-01   3.3841737e-01   1.0667091e+00   3.4168696e-01  -4.9353247e-01  -6.7743004e-02  -9.2274209e-01   3.3111346e+00  -1.0993828e-01   4.0718294e-01  -2.3649541e-01  -6.0142650e-01   5.4876945e-01
  -4.7535528e-03  -8.6733220e-04   1.5578948e-02   1.6389130e-01  -3.1579798e-01   7.8342470e-01   2.9069908e-01  -2.2583041e-01   2.6616728e-01  -1.6400494e-01  -9.3737039e-02   2.2716979e-01   3.1941230e-01   1.8151301e-02   1.0146802e-01   3.2634968e-01   1.7260353e-01   1.3898216e-01   3.3974374e-01   4.7381369e-01   3.1654617e+00   6.4054583e-01   1.0552249e+00   3.1475643e-01  -5.5813503e-02  -8.1026055e-02  -6.3058461e-01  -6.9624538e-03  -8.8005914e-02  -1.4055627e-01   4.0573497e-02  -5.0405914e-01   1.8616287e-01
   9.4550263e-04   1.0445135e-02   2.4630760e-02   1.9132387e-01  -9.0747205e-01   5.2511767e-01   7.7943798e-01  -4.3396343e-01   9.1108525e-02  -2.6736879e-01   2.4490332e-02   5.4740606e-01   4.0862271e-01   8.9685897e-03   2.3377452e-01   1.8067154e-01   5.6901540e-01  -1.9573797e-01   7.8684974e-01   1.0377914e+00   2.3158365e-01   2.2680183e-01   1.0686635e+00   2.5181351e-01  -6.5375695e-01   3.4959472e-02  -9.1092542e-01   6.3778716e-01  -1.8254023e-01   1.3185353e+00  -5.5522651e-01  -3.3770341e-01   6.2212513e-01
   6.3557267e-03   5.4860485e-03   3.9748351e-02   1.4573666e-01  -1.0388514e+00   3.1780303e-01   1.0750907e+00  -2.4495663e-01  -9.7733475e-02  -3.0464402e-01  -2.1793564e-02   6.4802276e-01   4.6899635e-01   1.8326930e-02   9.0124808e-02   1.8719896e-01   1.6086651e-01  -1.8448272e-01   8.2557736e-01   8.3045055e-01  -9.6686866e-02   2.1121746e-01   1.0381680e+00   1.4383951e-01  -6.9562791e-01   1.7337318e-01  -7.5381346e-01   6.0086343e-02  -2.0267965e-01   4.0269356e-01  -6.3192650e-01  -9.1979823e-02   3.9172194e-01
   8.8061655e-04   3.2057187e-03   2.5097231e-02   1.4717759e-01  -6.6508353e-01   4.7497045e-01   4.5653821e-01  -3.3335121e-01   4.2091127e-02  -2.3711710e-01  -8.8834549e-02   2.1452066e-01   4.3029458e-01  -4.8721339e-03   7.3307729e-02   1.2590720e-01  -1.5820354e-01   2.5351241e-01   5.7604434e-01   1.5808386e+00   4.4778583e-01   8.2865889e-01   1.0416429e+00   3.2639301e-01  -1.1741583e-01   4.1158254e-02  -7.3888291e-01   1.1966293e-01  -2.4978666e-01   4.0129292e-01  -3.9273783e-01  -3.2027375e-01   2.6074825e-01
  -2.0763189e-03   2.7368308e-03   3.7665834e-02   1.3380731e-01  -6.2180048e-01   3.1983418e-01   2.2229133e-01  -2.5044873e-01  -2.4348630e-01  -1.1295847e-01   1.0013050e-01   3.6782447e-01   4.3656065e-01  -2.3026555e-02  -1.2168000e-01   1.5691052e-01  -6.6676406e-01   3.1655186e-01   4.4580733e-01   1.0699829e-01  -7.9394559e-02   1.5813236e+00   1.0672232e+00   1.8861344e-01   1.6418711e-01   3.1843554e-02  -4.3499178e-01   2.0082895e-02  -2.6365952e-01   8.0466271e-02  -4.8542000e-02  -1.3088328e-01  -8.7836744e-02
  -3.6778349e-03   3.4434999e-03   4.8544372e-02   5.1388253e-02  -1.0061913e+00   3.1090447e-01   6.0008219e-01  -9.8631743e-02  -1.4633902e-01  -1.9115982e-01  -6.4166920e-02   4.1165005e-01   4.2310393e-01  -5.0296929e-02  -4.2566673e-02   2.7618475e-01  -4.5838275e-01   3.6728967e-01   6.6565096e-01   7.1365361e-01  -8.0755220e-02   4.8602679e-01   1.0553315e+00   1.4839295e-01  -4.0381499e-01   1.2048617e-01  -6.1016752e-01   1.9054358e-03  -2.8819086e-01   2.8596205e-01  -8.1353433e-01  -1.1951216e-02   1.0817856e-01
  -2.1470902e-03   7.8525845e-03  -7.4469990e-02  -6.9178462e-02  -1.0898504e+00   1.9805671e-01   1.1192441e+00  -4.8375023e-03  -2.0560585e-01  -4.4675488e-02   4.8060738e-02   3.1361868e-01   4.9201521e-01  -7.9855933e-02  -5.5779229e-02   2.0434272e-01  -3.0330148e-01  -1.8070024e-01   6.9792373e-01   6.5996614e-01  -2.7671213e-01   3.6543438e-01   1.0102613e+00   5.7483719e-02  -6.3688345e-01   2.2139076e-01  -4.5414273e-01  -1.0489736e-01  -2.2809492e-01   1.2040835e-01  -6.9939999e-01   2.2747521e-01   8.5108269e-02
  -4.9717817e-03   5.4044855e-03   6.0795397e-02  -6.6829580e-02  -1.0091796e+00   2.3061215e-01   3.7697659e-01   2.3371218e-01  -4.9103827e-01  -9.3933393e-02   2.7868615e-01   5.2208381e-01   3.9560941e-01  -3.0860916e-02  -2.3345125e-01   1.7067334e-01  -8.0736597e-01   2.5538899e-01   5.8671324e-01   6.1459947e-01  -2.7234527e-01   9.0363175e-01   1.0515918e+00   1.4018362e-01  -5.6496883e-01   1.0977681e-01  -2.8163538e-01  -1.2209764e-01  -2.4693604e-01   6.1205327e-02  -5.1487965e-01   2.9713479e-01  -3.5204907e-01
  -6.3771370e-03   6.0412239e-03  -9.6675224e-02  -5.0116727e-03  -8.6073838e-01   1.9072691e-01  -1.2157791e-02   1.6754268e-01  -5.6085417e-01   2.1933074e-02  -1.6517814e-01   7.6072653e-01   2.9773486e-01  -9.8970262e-03  -2.4794986e-01   8.4786766e-02  -8.4779992e-01   9.5402412e-02   5.3913308e-01   4.5534121e-01  -3.5219606e-01   1.2567905e+00   1.0626575e+00   8.6585484e-02  -4.9546101e-01   1.0123903e-01   5.4146479e-02  -1.5870656e-01  -2.6115471e-01  -1.5658335e-02  -3.4275228e-01   7.9065478e-01  -3.1712413e-01
  -8.6329490e-03   2.5973130e-03  -3.7709173e-02  -9.8198965e-02  -8.1021416e-01   1.0115397e-01   2.2593054e-01  -7.1909500e-02  -3.4782712e-01  -1.4205299e-02   1.3312717e-01   2.6620652e-01   3.2551067e-01  -4.8089523e-02  -2.6381838e-01   7.8000639e-03  -8.6345073e-01   8.5123751e-03   5.0692010e-01   4.3209174e-01  -2.7467854e-01   6.7874532e-01   1.0465850e+00  -4.4157738e-02  -8.9426270e-01   1.7721588e-01   3.6846207e-01  -1.5328420e-01  -3.1986271e-01  -3.5928872e-02  -1.8132781e-01   7.8550287e-01   5.6197161e-02
  -6.5196208e-03   3.3284148e-03  -4.4639479e-02  -4.9043005e-02  -8.2823921e-01   4.6220349e-02   3.5776928e-01  -4.3493137e-02  -3.3917413e-01   3.5969591e-02   1.1451284e-01   2.4472190e-01   3.0205673e-01  -8.9396897e-02  -1.9347223e-01   1.1763368e-01  -7.6361112e-01  -1.4501765e-01   5.0350865e-01   4.3058582e-01  -3.2097677e-01   2.8598839e-01   1.0234150e+00  -1.2182135e-02  -2.7937672e-01   1.9982126e-01   8.6469842e-01  -1.7026607e-01  -2.7403755e-01  -2.4144413e-02  -1.1511862e-01   3.6198794e-01  -5.0244911e-02
  -2.8751397e-03   9.2269512e-03  -7.5282513e-02   3.6685895e-02  -1.0081999e+00   9.3959842e-02   8.7183814e-01   1.7696643e-01  -1.1984017e-01   3.6724432e-02   2.3417235e-01   2.4186621e-01   3.7977426e-01  -1.2859938e-01  -1.9370314e-01   3.7102518e-02  -6.6129990e-01  -1.0653203e-01   5.3940153e-01   5.5430944e-01  -3.4624536e-01   5.1101616e-01   9.9865946e-01   1.0035125e-01  -3.5484622e-01   2.4781315e-01   4.5518503e-01  -1.3577230e-01  -2.9612654e-01   4.7890853e-02  -4.2655592e-01   7.5981791e-01  -2.2870156e-01
  -5.2317935e-03   6.5877939e-03   7.0551704e-02  -5.5452532e-02  -9.8817406e-01   3.6988279e-03   9.7179971e-01   2.6487536e-04   2.4085624e-01   5.6563909e-02   1.2761550e-01   5.0352801e-01   5.1452183e-01  -1.3721105e-01  -8.7464121e-02   2.1157772e-01  -2.0684909e-01  -3.6979378e-01   5.4369239e-01   6.0483256e-01  -3.9804080e-01  -3.4358247e-02   1.0223955e+00   7.2596302e-02  -1.4013709e-01   2.6967126e-01  -6.7829597e-02  -1.0323683e-01  -1.7540853e-01   4.9997667e-02  -1.3067170e-02   4.5264559e-01   1.2879276e-02
  -2.3867181e-03   8.7093160e-03  -2.6279258e-02  -4.8372609e-03  -6.6486925e-01  -1.5508689e-01   5.4339202e-01  -1.1062271e-01  -6.5321640e-02  -9.1575914e-03   2.2843540e-01   1.9822261e-01   2.5904144e-01  -8.2262872e-02  -6.7367548e-02   2.8150188e-01  -2.4680737e-01  -4.2351199e-01   3.8462799e-01   3.9784953e-01  -3.5889803e-01  -5.2167889e-01   1.0315656e+00   9.6550076e-02   8.7618599e-01   1.3845119e-01   3.8784534e-01  -1.1248985e-01   4.4151181e-02  -1.4391709e-02  -9.5705360e-02   8.6209621e-01   2.7088923e-02
  -9.5665117e-04   1.5012774e-02  -1.6034823e-01   1.4518631e-01  -8.0796192e-01  -2.8231061e-01   6.4852544e-01   1.0578775e-01   4.7530076e-01  -1.0222056e-01   1.3884753e-01   1.8019566e-01   3.1415955e-01  -6.7507278e-02   7.4645495e-02   7.6782499e-01  -1.7496395e-02  -9.8173300e-01   3.7590506e-01   4.8932307e-01  -4.8696711e-01  -6.5996554e-01   1.0279665e+00   1.7181429e-01   3.8594019e-02   6.9537160e-02  -3.6305766e-01  -1.9094709e-01  -5.0239823e-01   7.8498232e-02   3.1610235e-01   2.1664548e-01  -4.5749142e-02
   4.5409826e-03   1.0548767e-02  -1.0530948e-01   1.3250403e-01  -1.0777203e+00   6.1568179e-02   1.1617139e+00  -1.4690235e-01   3.2922695e-02  -6.0146611e-02   6.0071614e-02   4.6620311e-01   6.7652728e-01  -4.9203294e-02   1.1238868e-01   4.5806104e-01   3.6052155e-01  -2.0317352e-01   7.1735025e-01   6.8422300e-01  -3.3424821e-01  -3.3765340e-01   1.0018623e+00   1.4748460e-01  -6.1808244e-01   2.0783806e-01  -6.1063796e-01  -6.0420714e-02  -2.3184234e-01   1.2681098e-01  -9.2248062e-02   1.5682834e-01   2.5709623e-01
   4.1294740e-03   2.1959540e-02  -1.9336545e-01   2.5775020e-01  -9.0521493e-01  -2.3950002e-01   8.8579603e-01  -2.6957148e-01   5.3441194e-01  -3.1497546e-02   3.8970202e-01   7.8576725e-01   5.0710608e-01  -9.3050503e-02   1.6658099e-01   6.7089379e-01   6.0708173e-01  -6.0181588e-01   6.8867117e-01   7.4941703e-01  -3.1665264e-01  -5.4086216e-01   1.0300832e+00   1.7482122e-01  -6.0623037e-01   8.4526461e-02  -7.3081458e-01  -4.4410004e-02  -4.3736631e-01   7.0550100e-02  -6.2718416e-01  -1.2195413e-01   1.5816574e-01
   2.2368453e-03   1.9498324e-02  -1.3376345e-01   2.1813371e-01  -4.1321548e-01  -7.5589536e-01   5.0041603e-01   1.2969103e-01   5.3178787e-01  -9.2220648e-02   9.6547906e-02  -1.4659688e-02   1.2205511e-01   2.9355707e-02   1.4918624e-01   5.1543278e-01   1.3079470e-02  -4.6618813e-01   2.5356725e-01   3.1982922e-01  -3.3925268e-01  -7.9972118e-01   1.0769344e+00   2.2846775e-01   2.2312052e-02   4.7512535e-02  -2.8270382e-01  -2.6123264e-01   5.1467373e+00   2.0638707e-01  -1.9883730e-01   2.4404532e-01  -3.2184367e-02
   1.1230085e-02   4.2263009e-02   2.4337683e-01   8.3464593e-01  -5.7834916e-01  -9.4398487e-01   8.0881418e-01  -5.4722223e-02   3.1631810e-01   3.9887228e-01   2.3241424e-01   3.1556014e-01  -2.3760118e-01   9.6879490e-02   4.5581085e-01   2.1323723e-01   5.1555185e-01  -7.5114268e-01   3.2571111e-01   8.6209208e-01  -1.5883517e-01  -1.0266675e+00   1.1750140e+00   1.1852868e-02  -7.6232995e-01   6.1382755e-02  -1.0398864e+00   6.6019782e-03  -4.3096316e-01   9.4886757e-02  -1.9396416e-01  -3.2670277e-01   1.9424875e-02
   1.5341045e-03   3.1667983e-02  -1.7130695e-01   2.2308893e-01  -1.1413132e+00  -4.8350200e-02   9.9365625e-01  -5.8926444e-01   6.3584186e-01  -1.3451937e-02   3.4384158e-01   7.3906338e-01   1.8188492e-01   7.7990143e-01   4.4002485e-01   3.9027229e-01   1.3077827e+00  -3.7923266e-01   8.8674703e-01   8.2717797e-01  -1.7735849e-01  -1.3331992e-01   1.0610516e+00   3.0791263e-01  -7.6119042e-01   2.1800082e-01  -9.8333699e-01   1.3057023e-01  -1.7902031e-01   2.1767909e-01  -2.9119408e-01  -2.9784909e-01   1.6251857e-01
   2.1034839e-02   5.0078118e-02  -3.0685456e-01   4.0882112e-01  -1.1303889e+00  -4.5017859e-01   8.3301627e-01  -6.2338823e-01   8.7667826e-01  -8.9825572e-02   6.9316055e-01   8.5345764e-01  -3.8049944e-01   1.8221784e-02   7.7156978e-01  -9.5388947e-02   1.2495332e+00   9.0784317e-03   8.0920316e-01   1.1363334e+00   2.3707262e-01   1.4420232e-02   1.0499044e+00  -1.9335352e-01  -6.2452146e-01  -2.6739521e-01  -1.2564559e+00   2.3201755e-01   1.0573112e-01   3.0381031e-01   5.0569607e-01  -4.5863819e-01   2.9164951e-01
   4.3553657e-02   5.5466120e-02  -7.6845011e-02   1.8575955e-01  -4.6689086e-01  -2.1527432e+00   6.8933786e-01   2.3377119e-01   8.3242498e-01  -9.3646116e-02   2.6474825e-01   4.5843044e-01  -1.9280294e-01  -5.6440304e-02   7.7022698e-01  -3.1452279e-01   8.0882802e-01  -1.6515988e-01   5.6195687e-01   5.6248505e-01  -1.0825806e-02  -1.4089097e-01   9.1999458e-01   1.8716564e-01  -5.9420589e-01  -5.1327226e-03  -8.8253036e-01  -5.1974096e-02   1.2960688e-02   3.5675533e-01  -1.1831229e-01  -3.1951899e-01   5.7321478e-01
   3.6389730e-02   6.4113966e-02  -1.4402844e-02   4.3557001e-01  -1.1672635e+00  -4.4397143e-01   8.9882516e-01  -1.1675069e+00   9.7378334e-01  -1.0575519e-01   8.0995697e-01   1.1300653e+00  -2.9310878e-01  -2.4124814e-02   1.3883111e+00   1.1171927e+00   8.3793172e-01  -4.7617930e-01   1.0566742e+00   1.4421386e+00   7.0515652e-01   5.9436106e-01   8.1442889e-01   3.5640429e-01  -9.7094048e-01   4.5015694e-01  -1.5532018e+00   7.4229898e-01   2.7944713e-01   4.7931118e-01   2.7535980e-01   1.4998056e-02   1.2115455e+00
   6.2980254e-02   1.0358821e-01   1.4467224e-01   7.1376372e-01  -1.5603946e+00  -2.8313156e-01   9.1752840e-01  -2.1843278e+00   1.4645056e+00  -1.9438528e-01   1.2223393e+00   1.6419182e+00  -1.0491039e-01  -1.1906758e-01   1.7007453e+00  -4.4256621e-01   4.6649873e-01  -1.0196048e+00   1.3959888e+00   2.1685999e+00   1.5305568e+00   8.9406485e-01   6.2497728e-01   5.5030306e-01  -1.2846574e+00  -2.6932361e+00  -2.3709772e+00   1.2407766e+00   5.8956492e-01   7.1839965e-01   4.6225287e-01   7.2281799e-02   6.2604375e-01
   1.2452830e-02   3.3881154e-02  -1.1638591e-01   2.8387860e-01  -1.2180136e+00   1.4258334e-01   8.1485412e-01  -1.0068748e+00   6.4722448e-01  -1.1450700e-01   4.9232839e-01   7.6304585e-01  -2.3075329e-01  -1.0608117e-03   8.5484790e-01  -1.0140431e-01   1.2854525e+00  -3.4379097e-01   8.6521630e-01   1.0229530e+00   3.5453868e-01   6.0749869e-02   1.0022055e+00   6.2399653e-01  -9.5694697e-01   1.7294125e-01  -1.2756888e+00   4.6306320e-01   6.7989980e-02   3.7759342e-01   1.4415891e-01  -3.5056456e-01   6.1624998e-01
   1.5285286e-03   1.3808023e-02  -3.3369196e-02   2.0776572e-01  -1.1363257e+00   1.9002434e-01   1.1984062e+00  -4.1801429e-01   1.0708317e-01  -1.8090601e-01   9.4472282e-02   6.2509883e-01   4.9467029e-01   4.7076623e-02   2.6136929e-01   4.8133973e-01   1.0627193e+00  -3.6376949e-01   1.8491109e+00   7.4844716e-01  -2.3843733e-01  -1.2477107e-01   1.0230381e+00   2.1726163e-01  -9.0307341e-01  -7.9176507e-02  -9.1255140e-01   1.2897292e-02  -1.6078020e-01   3.0439650e-01  -3.4196328e-01  -5.8369950e-02   3.0934116e-01
   5.8237309e+00   3.3856968e-01   8.6226552e-01  -2.9508518e+00   9.6808814e-01   9.6626739e-01  -3.9746492e+00   3.9811880e-01   3.8640571e+00   2.4142393e+00   2.1750833e-01  -3.8614770e+00  -9.8189507e-01   1.9313611e+00  -4.9934124e-01   2.9379985e+00  -4.8070773e-01  -4.8189113e+00   3.8629321e+00  -1.0243887e+00   8.0535530e-01  -4.8541392e-01   9.5314815e-01  -7.9505160e-01  -8.9713330e-01  -4.0212666e+00   3.6999422e-01   3.8128675e-01   1.7160959e+00  -3.3984371e-01  -3.9774523e+00  -2.7226509e-01  -3.8444090e+00
  -2.6837039e-01   5.8177016e+00   5.7307030e+00  -4.7342582e+00  -1.8359143e+00  -4.2625565e+00   9.7036180e-01  -4.0099802e+00   2.7829517e+00  -5.2246735e+00  -5.2948367e+00   2.1906019e+00   5.4060116e+00  -5.4343239e+00  -7.1780833e-01  -4.4669731e+00  -3.8242191e+00   1.9344854e+00   4.3270823e-01   1.4634890e+00   3.5502222e+00  -4.4792722e+00  -8.2032100e-01   5.5244653e+00  -4.2032828e+00  -2.1264838e-01   1.0161438e+00  -3.9513851e+00   1.4996240e+00  -5.3707805e+00   3.7050960e+00  -5.3374119e+00   2.4372800e+00
