  -1.3472475e-01   2.9408511e-02   1.9437311e-02  -1.1489595e-02  -2.4378334e-01  -5.6943288e-02  -1.2568764e-01  -4.6032534e-01   2.6349295e+00   4.6350367e-04   2.7423922e-01  -6.5798983e-01  -1.8770989e+00  -1.9655318e-03   2.4187460e-01  -7.1894868e-01   1.4355923e-01   9.4239620e-01  -1.0202277e+00   2.0955699e-01  -5.1642014e-01   2.5334835e+00  -2.8457005e-01  -1.2157880e-01  -1.4297834e-01  -5.8462216e-01   9.6806355e-02   2.0907312e-01   1.3829577e-01   6.5681951e-02   4.8678386e-01  -1.0708293e+00   1.6200179e-01  -9.4538040e-03
  -6.1031061e-02  -9.8005377e-02   2.9411435e-01   4.4354269e-01  -5.4002483e-01  -1.0134895e-01  -1.3005287e-01   1.9367194e+00  -2.5570635e+00  -6.0555448e-01   3.8492799e-01  -1.4087876e+00   2.4493617e+00  -2.4196132e-02   1.1692625e+00  -8.3885882e-01  -1.2788505e+00   2.1836979e+00  -2.9877392e+00   9.5857646e-01   5.2598949e-02  -1.9646828e-01   2.6236642e-02  -3.9351025e-02   6.0807484e-01   8.8081408e-01   1.2617722e+00  -7.4315128e-01   5.4177999e-01  -2.0235981e-01  -1.5967005e+00   1.4590049e-01   9.6979282e-03   1.6080783e-01
   6.6705263e-02  -1.7690160e-02   1.7270711e-02  -1.3639596e-01   9.3817848e-01  -5.2093520e-02  -8.9499470e-03  -3.9859423e-01   7.7701366e-01  -1.3308221e-01  -2.7220840e-02   3.8971431e-01  -1.3267437e+00   8.5397078e-01  -7.8128739e-01   3.1897256e-01  -1.1667649e-01  -4.6065370e-01   1.8136528e+00  -3.3436511e-02  -2.8011875e-01  -6.3116284e-01  -6.4602029e-01  -4.4461112e-02   4.4555768e-01  -4.0121072e-02  -3.7716653e-01  -6.3836971e-03   1.5453838e-01   1.2594476e-03  -4.7802051e-01   1.4556868e-01   1.5501073e-03   2.4606245e-03
  -7.6719089e-02   2.1495874e-01  -1.5920483e-01   2.3730634e-01  -7.8840994e-02  -3.6033564e-02  -2.9855381e-02  -2.7696383e-01   8.4395072e-01  -3.8063914e-02   4.0287899e-01   4.3275243e-01  -1.8485136e+00  -5.8242447e-01   1.6937978e-01  -3.1739846e-01  -2.1097089e-01   1.8025635e+00  -1.0532243e+00  -3.4590047e-01   1.1480955e-01   7.8250620e-01   8.6075980e-02   8.3419656e-02   4.7705736e-01  -1.6929930e-01   9.7123287e-02  -3.1489775e-01  -9.8846378e-03   5.7417661e-02  -3.5919458e-01   6.2018399e-02  -2.2097325e-03  -1.2833503e-03
  -1.3585375e-02  -2.8092899e-01   4.9224987e-01  -2.2817089e-01  -4.2872568e-01   2.1445626e-02  -6.5513509e-02   2.8432020e-01   4.1838245e-01   2.9935344e-01   2.7814353e-01  -1.1998137e+00   4.0011280e-01  -1.6989830e-01  -4.3818337e-02   5.3520950e-01  -4.5719828e-01  -6.2916412e-02  -1.8714376e-01   3.5585231e-01  -3.7480860e-01  -4.5892059e-01   4.1534956e-01  -1.2787702e-02   5.5317754e-02  -5.7463730e-02  -2.1418620e-01   2.9817946e-01   1.7544439e-01  -7.2759004e-03   1.8839133e-02   2.2237860e-01  -2.2069576e-03  -5.1030027e-04
  -3.4336970e-02  -7.9007509e-02   3.2855836e-01   8.4735268e-02  -2.1821986e-02  -7.7378505e-02  -1.5868405e-02   1.1291370e-01  -2.1214835e-02  -1.7794067e-01  -9.8850315e-02   8.7635043e-02   7.9002612e-02   5.4368789e-02   9.4929869e-02  -2.2641403e-01  -6.0920359e-02   2.5564415e-01   1.6714649e-04  -6.8884853e-02   1.4205226e-01  -1.1543125e-01  -1.2605316e-01  -4.1632548e-03  -7.5657691e-03   1.6582215e-02   8.9791889e-02  -2.1862259e-01   3.0833151e-02   2.4709704e-02  -8.8267664e-02   2.1716423e-02   1.6063275e-03   7.3683062e-04
   6.4499018e-02  -2.8092134e-01   8.9545589e-02  -2.0047908e-01  -2.1785633e-01   4.3054537e-02   2.6520800e-02  -1.9758428e-02   7.5427608e-01  -9.6375871e-03   2.2255509e-01  -6.0755960e-01   5.5393978e-01  -3.1803006e-01  -2.2690218e-01  -1.8706357e-01  -1.9472572e-01   5.3378224e-01   9.7706107e-02   4.4900776e-02  -2.1591744e-01  -1.3606026e-01  -1.6384569e-01  -1.4894936e-02   3.8758327e-02   1.5247828e-02  -1.3670215e-03   3.0246278e-02   7.1184083e-02  -1.3251420e-02   3.1294697e-01  -6.5778188e-02  -1.7404820e-03  -7.9246597e-06
  -1.6232324e-02  -7.4143080e-02   1.8949447e-01   2.5072229e-01  -2.7476910e-03  -7.3695782e-03   9.0278676e-02   5.4053301e-02  -1.3210076e-01  -1.6601723e-01  -4.3089559e-01  -1.3333712e-01  -2.8139154e-01   8.8177837e-01   2.7971703e-01  -8.0266740e-01  -8.7376486e-02   5.9159472e-01   6.5004813e-03  -3.1442429e-01   3.9895311e-01   1.2670845e-01  -3.4343682e-01   1.0882513e-02  -2.1050606e-02  -6.3390722e-03   7.4187606e-02   2.1104133e-01   3.2794411e-02  -3.6959208e-02  -4.5502760e-01   1.3271834e-01  -6.8280520e-04  -1.1324309e-03
   9.4714067e-03  -2.6439316e-03   2.8993941e-02   5.2516677e-02  -7.1834562e-02   2.0262187e-03   2.4681857e-03  -8.0858040e-02  -2.3895048e-01   5.0073105e-05   7.2413548e-03   9.7680829e-01  -6.7263627e-01  -7.0282742e-01  -1.6010067e-01   3.7668826e-01  -4.8888660e-01   6.3347949e-01   9.5358614e-01  -5.3069199e-01   2.5895154e-01  -7.5322484e-01   2.5409025e-01   5.3309904e-02  -1.3822785e-01   1.6173962e-01   8.2378631e-02   8.7411267e-04  -4.6288874e-02  -1.8510502e-02  -6.6890030e-02   1.0112273e-01   1.6332273e-03  -6.9366050e-05
   1.6247780e-02  -1.0387578e-01  -2.1117939e-02   2.1522616e-01  -4.0066897e-01  -1.2038274e-01   4.4555241e-02   7.6340151e-01  -2.8162520e+00   3.2046959e-02   6.3973783e-02   3.9497570e-02   1.5131541e+00  -3.0607254e-01   6.1372625e-01  -6.6693948e-01   3.4721109e-01  -4.7470974e-01   9.7658997e-01  -2.1177251e-01  -8.0932488e-01   2.5105316e-01   2.2532669e-01  -5.9170089e-03   4.9754628e-01   1.4052470e-01  -1.6268986e-01  -2.1148767e-01  -3.8566541e-03   7.2446758e-03   2.9857479e-01   2.0531829e-01   3.8706773e-03  -2.6286719e-03
   2.8294393e-02   1.9332259e-02  -4.8241270e-02   1.5113596e-01  -2.1456168e-01  -5.9764114e-02  -8.3645461e-03   2.3237775e-01  -1.2458095e-01  -2.5816317e-02   2.1966023e-01  -9.1282992e-01  -2.3201708e-01   1.4305151e+00  -9.7618733e-01   4.1876072e-01  -3.7220238e-01   2.9826609e-01  -2.9608647e-01   3.2501226e-01  -2.2833778e-01  -1.6568182e-01   5.5000353e-01  -7.2109212e-03  -3.5064982e-02  -9.7724915e-04   1.3204544e-01  -1.1338469e-01   3.5465447e-02  -6.8735198e-02   8.7293320e-03   3.2100752e-02  -2.0114557e-05  -1.1211786e-03
   4.8394160e-02  -1.3652022e-01   8.2904929e-03  -1.2890608e-02  -4.3206578e-01   4.7811098e-03   5.2126027e-02   1.1715202e-01   8.8200928e-01  -2.0799980e-01  -1.1536187e-01  -3.7132739e-01  -5.4130082e-01   1.1488243e-01   6.2285331e-01  -4.6723815e-01   1.3937787e-01  -2.6867058e-01   6.3551212e-01  -3.8018969e-03  -4.0454888e-01  -2.6906025e-01   5.0645287e-01  -1.7877846e-02  -7.4956426e-02  -1.8938344e-02   4.9475274e-02  -2.6635747e-02   3.0669457e-02  -3.5692669e-02   3.0338093e-01  -1.3464580e-01  -9.1966458e-04   5.0182452e-05
  -1.8680991e-02   3.6207870e-01  -1.1228813e-01   1.7172196e-01   4.2872008e-02  -6.5698104e-03   1.9246244e-03   1.2918514e-01  -5.4541384e-01   1.6004555e-01   2.7929386e-01  -2.3352477e-01  -5.1361607e-01   1.6540881e-01  -2.0502889e-01   1.7576191e-01   6.0412362e-02  -1.5780159e-01   3.7971306e-02  -1.3634229e-01  -2.9057526e-01   1.3840070e+00   3.9793523e-01   2.2713799e-02  -1.5238957e-01   1.2434543e-01  -2.2784215e-01   1.0601255e-01  -1.3471062e-01   5.4496386e-02  -7.5643879e-01  -9.9270975e-02  -2.7481122e-04   9.7866289e-04
   1.1972528e-02   2.0853778e-03  -4.6237706e-02   1.3955621e-01  -4.0314564e-01   5.5773180e-03   3.0298601e-02   2.3075066e-02   3.9008705e-01   1.1110868e-02  -6.7285668e-02  -7.7394011e-02  -2.6941469e-01   1.9420159e-01  -1.0905812e-01   1.9378841e-01  -6.2825052e-02   2.3289465e-02  -2.6504647e-01   8.7147492e-02   1.0096813e-01   1.5891629e-02  -5.4575438e-01   5.0358624e-03   2.3716969e-02   1.1669002e+00  -1.4339819e-01  -1.5846928e-02  -1.4153515e-02   4.2093424e-02  -3.6893988e-01  -1.0765147e-01   3.6569247e-04  -1.0522274e-03
   3.1594544e-01   8.8894652e-02  -5.0919754e-02   4.5076431e-02  -1.3329014e-01   6.6945567e-03  -3.2365672e-02  -2.7767600e-02  -7.0021690e-02   3.6237025e-03   7.8432807e-03   9.7068342e-02  -7.7258564e-03  -5.7838759e-02   1.8519229e-02  -1.4427217e-01   1.7121849e-01  -4.1515635e-02  -8.2689863e-02  -8.6116334e-03  -6.9660301e-03   1.2931076e-01  -5.2681008e-02   3.4738478e-03   1.5065211e-02  -1.5923646e-02   1.7828813e-02   5.2408594e-02   3.4321645e-02  -3.5919555e-01  -4.3916266e-03   9.2938665e-02  -3.7996067e-04  -2.4032904e-04
   5.9668704e-02  -2.1867110e-01   3.4311941e-02  -1.8842412e-01   3.0152336e-01   5.9735171e-03   4.2729354e-02   2.5227902e-03  -2.4309384e-01  -2.3724068e-02  -1.2898232e-02   1.6158204e-01   3.6397305e-02   6.4785890e-02  -1.9039105e-02  -1.1849641e-01   1.5417487e-01  -1.0397425e-01  -1.2267812e-01  -4.9327371e-02   1.8043009e-01   2.2854265e-02   6.1519806e-02   1.8628392e-02  -1.6046211e-02  -1.0482824e-02  -6.1744122e-02  -1.1427263e-01   3.6347747e-01  -5.1877618e-02  -1.6430386e-01   1.5495852e-02   4.8871551e-04  -2.1870152e-06
  -2.8880281e-02  -1.6417405e-02   9.0521424e-02  -1.0571895e-01   7.5581535e-01  -3.3861321e-02   1.7905264e-02  -9.7007853e-02  -1.3222029e-01   2.8604125e-02  -7.6492869e-02  -3.7807256e-01  -8.4094593e-02   1.5215995e-01   1.2743945e-01  -1.3853746e-01  -3.0970729e-02  -3.2099297e-02  -8.1056056e-03   1.7110638e-01  -1.9102192e-01   3.0874139e-01  -2.2507606e-02  -3.9774665e-02  -5.1890868e-02  -2.0537864e-02   7.8744898e-02   1.0367719e-01  -1.9784489e-02   1.4440053e-03  -2.9669733e-01  -3.7008529e-02  -2.4410452e-04  -2.2050297e-04
   1.7213343e-02  -1.5383029e-01   1.0788590e-01  -9.1886387e-02  -8.4276658e-02   3.0743020e-04  -2.4050015e-02  -1.4634409e-04  -4.0721868e-01  -3.2866381e-02  -1.9655226e-02   8.7788039e-01  -6.6867663e-01  -4.0862000e-02  -1.5767561e-01   9.1392877e-02  -1.6967444e-01   3.2405334e-01  -4.3306974e-02   6.9146127e-02  -4.1672205e-01   6.3931585e-01  -1.0907431e-01  -1.7148008e-02  -5.8410726e-02   3.1022801e-02   1.3093553e-01   8.7030501e-02   4.0464751e-02  -2.7801541e-02   1.1833839e-01  -1.7830480e-02  -4.9194436e-04   5.8315988e-05
  -5.2939140e-02   1.0204765e-01  -2.6987026e-02   1.3385704e-01  -5.1151394e-01   2.9853792e-02  -4.3760278e-03   5.3177186e-02  -4.2787305e-01   3.8802056e-02  -2.8738327e-02   2.2046048e-01  -7.0012237e-03  -9.3561300e-03  -6.8450642e-03  -4.2988863e-02   7.5915900e-02   5.7909648e-02   2.9346987e-02  -1.4418121e-02   2.0909973e-02  -4.9934515e-01  -6.0387910e-02  -1.6938402e-03  -1.4207500e-02  -4.3942487e-02  -1.5264674e-02   2.4233173e-02   3.9667320e-02  -9.3381282e-03   3.3000509e-03   9.6492946e-01   5.9712708e-04  -2.5898943e-04
   1.1118669e-02  -1.3881484e-02  -3.8921445e-02  -1.5895992e-02   3.2324926e-02   1.5487612e-02  -9.9171575e-02  -1.5423786e-01   4.6131587e-02   8.5223388e-01  -4.3282243e-01  -4.9055336e-01   1.5953685e-02   2.3969204e-01   8.6171247e-02  -6.1077034e-02   8.6457045e-02  -9.7196111e-02   1.2469375e-01   1.1127879e-02  -8.7320607e-02  -2.9520271e-02   6.1400169e-02  -2.5514014e-03   2.7403331e-02  -2.4438795e-02   9.2279982e-02  -6.1756252e-02   5.4107787e-02  -1.1978503e-02  -9.3436229e-02  -3.3370725e-02  -2.9640137e-04  -7.8599926e-05
   2.7783196e-03   8.2908084e-02  -1.4798660e-01   1.5893139e-02  -8.0195495e-02   5.3840626e-03   3.1660788e-01   9.5155213e-02  -4.4049910e-02  -7.2942363e-02  -1.5116770e-01  -3.7290361e-02   3.0626505e-02   5.6291512e-02  -1.2777060e-02   2.8579483e-02  -2.0519010e-02   2.7074877e-02  -3.8944923e-02   4.9992327e-02  -7.7640355e-02   1.7024791e-02   4.3806836e-03  -1.2427713e-02   3.1256543e-03  -1.4118015e-02   1.3201385e-02  -2.2185353e-02   2.2915177e-03  -7.7461938e-03  -8.5613113e-04  -3.7857385e-03   1.5336339e-04   2.2182278e-04
   2.6333200e-02  -1.8976222e-02  -3.6192034e-02  -2.1873231e-02   3.1870212e-01  -1.7876960e-02  -2.0407274e-02  -1.0208676e-01   4.0639160e-02   1.7815484e-01   3.4131455e-01  -4.5251568e-01   2.4917238e-01  -1.2827989e-01   1.2132652e-01  -7.0601748e-02  -9.6510720e-02   2.3711724e-01   1.1259784e-01  -2.0124032e-01  -4.0592511e-03  -2.7890656e-01  -2.3999967e-02   1.3758251e-03  -5.0109086e-02   5.1020487e-03   2.6354725e-02   2.6876072e-02   9.0835642e-02  -3.0197108e-02  -2.0174988e-01  -5.0979386e-03  -1.9507355e-04  -1.5063876e-04
   3.6873089e-02  -1.9426706e-01   2.9572947e-01  -1.4733926e-01   1.4709680e-01   3.6682773e-02   7.0368430e-02   1.3055046e-01  -3.7977949e-02  -9.9213391e-02   2.7917123e-01  -1.4750837e-01   2.3755134e-01  -1.1872089e-01  -5.4173565e-02   5.6303009e-01  -3.5425900e-02  -4.2865160e-01   7.7847100e-03   3.6692558e-01  -8.2812394e-03  -2.8321990e-01   4.2119000e-02   2.9982818e-02   1.1718049e-01  -1.5189592e-02   6.2575472e-02   2.1473411e-01  -1.1024587e-01  -8.1049859e-02   7.9761655e-02  -9.6910170e-02   7.6947580e-04  -7.8836357e-04
   3.7171044e-02  -2.6789160e-01   1.8391174e-02  -3.1778804e-02  -3.5524619e-01  -1.3275510e-02   7.2792201e-03   1.6501609e-02  -2.2618801e-01   2.3889191e-01   3.9324310e-02  -1.3183399e-01  -5.6103291e-01   3.5617181e-01   9.0979712e-02  -4.9113498e-01  -1.2067287e-01   6.9326037e-01  -2.7791140e-01  -5.0634284e-02   1.0489927e-01   2.1976007e-01   9.3558613e-02   2.9775575e-02  -6.5485013e-02   3.6226502e-02  -8.5235510e-01   1.8247213e-01  -1.4249827e-01   3.9911826e-02   1.3728120e+00   5.9864983e-02  -4.1911308e-04   5.2339196e-04
  -2.4660693e-02   6.8778831e-02  -5.3509588e-02   9.4841418e-02  -5.1650810e-02  -1.7839170e-02  -8.9529813e-03  -1.8908211e-02  -1.3444594e-01   6.6949258e-02   1.2725946e-01   1.1406672e-01   1.4123205e-01  -1.6573418e-02   1.1938324e-01  -5.8890394e-01   5.8004036e-02  -6.2235127e-02   5.0749392e-02   4.2598512e-01  -2.1945850e-02  -9.4801933e-02  -7.6455658e-02  -3.6658581e-02  -4.3139367e-02   3.0188217e-02   9.2220259e-02  -2.6140891e-02   2.5904870e-04   9.2515867e-03  -1.3780375e-01   2.4439624e-02  -9.3608556e-05  -1.4831137e-04
  -1.4873522e-01   3.1587467e-01   1.2554402e-03   4.3292016e-02  -1.6254496e-01   2.3947157e-03  -3.3343016e-02   5.8169016e-03   1.1644143e-01  -3.0911901e-02   2.4759174e-03  -1.2223756e-02  -4.7125087e-02  -9.0574318e-03  -1.2087540e-02   1.1858133e-02   1.5884198e-02   3.4915227e-03   2.0467464e-02  -6.8448102e-03  -6.8290784e-02   1.1993981e-01  -3.9567983e-02  -1.4202894e-02  -2.7951518e-03   1.5720383e-02  -7.7713131e-02   2.7223272e-02   2.5601631e-01  -1.0343190e-01  -7.1004631e-02  -8.9145897e-02  -3.2832260e-04   1.2166712e-04
   2.9115206e-02  -7.5764857e-02   6.3691452e-02  -6.3744052e-02   2.3123788e-01   1.3036099e-03   1.2955909e-02  -5.2947880e-02   2.5383445e-01  -5.7486040e-03  -1.0723908e-01  -5.9276922e-02  -5.2533548e-01  -1.7562814e-01  -3.7041080e-02  -3.4147028e-01   8.6425996e-01   4.4712080e-01  -2.3527741e-02  -1.6985755e-01  -1.2851843e-01  -8.4839323e-03   4.2152182e-02   4.3983515e-03  -9.0489760e-02   7.0033995e-02  -6.0495658e-02   7.2526830e-02   4.6916575e-02   9.7421293e-04  -1.3107968e-01  -4.3097341e-02  -3.0392221e-04   2.7033871e-04
   3.0792132e-03  -3.8990703e-03  -1.1266980e-01  -3.6076014e-02  -6.9535342e-02   3.5075684e-01  -2.3918508e-02  -4.2267138e-02  -5.5056237e-02  -9.0996782e-02   1.5257984e-03   3.8418665e-02  -3.7255170e-02   1.4052022e-02  -8.9846268e-03   5.6982470e-03  -4.8636709e-02   5.7764920e-02   2.4911934e-03   2.4689971e-02  -5.7498441e-02   7.0799458e-02  -1.2084128e-02  -1.2467272e-03   8.2231687e-04  -1.1156216e-02  -1.2484944e-02  -6.2069406e-03   3.3812865e-02  -6.1278367e-03   1.1852024e-02   1.5857837e-02  -4.3130430e-05  -1.2653884e-04
  -4.5877700e-03   1.6512881e-02  -1.8159595e-02   2.0235056e-02   1.6642648e-02   2.8321401e-03  -2.1683993e-03  -2.4467602e-02   2.1621443e-02   6.7395408e-03  -8.2061671e-03  -9.6415234e-02   4.2887020e-02   6.1162373e-02   3.0323689e-02  -7.6698273e-02   5.9142085e-02  -6.3602658e-02   7.0524235e-02  -5.3111385e-02  -1.0798875e-01   2.3651482e-02  -2.7135406e-02   1.7701664e-01  -1.6404750e-02  -2.0828401e-02   2.4651637e-02  -5.3874786e-02   9.8386129e-03   6.0793923e-03  -2.2819077e-02   3.1888287e-03   1.1365922e-04   3.8417938e-05
   1.8367524e-03   2.8645877e-02  -2.9462930e-02  -5.3699111e-02  -1.7631678e-01  -1.4690891e-01  -2.9546553e-02   1.0885050e+00  -4.9977827e-01  -1.8763504e-01   3.8165123e-02   6.2131602e-03  -3.5041091e-02  -2.5261475e-02  -1.1208578e-03  -3.2489147e-02  -4.0868515e-02   1.6540093e-01   3.9991707e-02  -2.7691355e-02   3.8146928e-02  -2.7244745e-02  -1.2857677e-01   8.7014913e-04  -1.2272195e-02   1.5788112e-02   5.1327860e-03   1.8747004e-02   1.2288159e-02  -9.1761447e-03   2.5836478e-02  -3.9721161e-02   3.5021208e-04  -3.5851107e-04
  -1.9817032e-03  -4.1636897e-02  -1.5579721e-02  -1.4408489e-02  -1.9051461e-01   1.0809923e-02   9.2426486e-03   7.3369081e-02   4.1432978e-02   8.2141302e-02   1.1404672e-01  -4.6575266e-01  -3.8318993e-01   1.9340458e-01  -2.0364624e-02   8.7811526e-02   4.2048681e-02  -1.5107638e-01   2.5922646e-01  -1.6419540e-01   2.1942992e-01   5.1826317e-01  -4.5359311e-01  -8.0554888e-03  -1.2338563e-02  -5.5601556e-02   1.1723749e-01  -3.6218107e-02   1.5657268e-02  -5.3758984e-03   1.7614517e-01   6.1762448e-02  -3.4646962e-04   3.3425321e-04
   2.8139209e-02  -1.5869721e-03  -1.0387683e-02  -4.5541304e-02   8.9339127e-02  -7.4090453e-03   1.5214719e-02   1.2878159e-02   8.7103828e-03  -3.0274426e-02  -1.6090977e-01   5.9073807e-02  -3.4094221e-01  -2.3377124e-01   1.9555165e-01   7.0603779e-01  -1.0552132e+00   4.7987604e-01  -4.6274340e-02   4.3724867e-01  -5.9439183e-02   1.6024115e-01  -1.1683115e-01  -2.1334820e-02  -4.5590660e-03  -1.5481918e-02  -2.8974074e-02  -2.9080911e-02   6.2064110e-02  -1.6812036e-02  -6.1685170e-02   3.8046341e-02   9.9451407e-05  -1.2450643e-04
   9.6972519e-03  -1.4844849e-01  -1.0962445e-02   3.2470037e-01  -1.4675042e-01  -7.9883475e-02   4.6247528e-03  -1.7698791e-03   4.5908579e-02   1.3056111e-02  -3.0180396e-03   3.9277911e-02   1.1988680e-02  -1.0332529e-01  -1.9503777e-02   1.1463105e-01  -1.6413638e-02  -6.8592230e-02   8.2225375e-03   2.5571245e-02  -3.5156598e-02   5.8962005e-02  -5.4372560e-03  -7.8675542e-04  -6.2808676e-03  -1.3105255e-02  -1.9160768e-02   4.1467905e-04   6.7811342e-02  -1.0911028e-02  -1.7069651e-02  -1.2060956e-02  -1.3066293e-04   6.1776683e-05
